0,239,86,253,143,310,422,414,164,251
239,0,245,289,378,516,506,348,393,384
86,245,0,332,192,376,339,341,157,173
253,289,332,0,294,317,671,606,385,503
143,378,192,294,0,190,468,530,112,295
310,516,376,317,190,0,649,716,286,480
422,506,339,671,468,649,0,278,364,176
414,348,341,606,530,716,278,0,464,301
164,393,157,385,112,286,364,464,0,195
251,384,173,503,295,480,176,301,195,0